# tight*2 aggressive

load-rank

A    4   25   28   43   46   89  111  233  114  194  218  135  215
K   40    9   31   74   49   86  221  209  174  303  239  329  465
Q   58   83   13   92   66  147  162  468  341  236  450  428  584
J  123  101  159   18  108  177  212  263  478  443  413  356  385
T  132  144  186  171   22  150  242  377  425  344  447  666  620
9  203  251  260  312  272   63  206  397  529  541  532  599  663
8  230  371  394  353  487  496   71  359  362  517  453  753  623
7  300  462  560  514  608  593  651  105  434  572  471  535  750
6  321  422  526  807  696  708  569  633  191  431  538  687  699
5  281  505  717  675  798  729  738  660  780  382  374  437  810
4  290  581  642  789  828  846  900  882  762  747  326  440  596
3  338  550  684  855  837  945  936  864  927  819  909  401  720
2  410  617  771  873  891  963  972 1000  990  918  954  981  475

set-raise-size 2

player-count 9

set-range
# unraised raised(1) raised(2) raised(3)
0 200,100    50,25     25,12   12,5  # utg  (call range, raise range)
1 200,100    50,25     25,12   12,5  # ep
2 300,150    50,25     25,12   12,5  # ep
3 300,150    50,25     25,12   12,5  # mp
4 300,150    50,25     25,12   12,5  # mp
5 400,250    50,25     25,12   12,5  # co
6 500,250    50,25     25,12   12,5  # btn
7 700,300    50,25     25,12   12,5  # sb
8 1000,350   50,25     25,12   12,5  # bb


eof

set-raise-size 6 # x3
player-count 9
set-range
# unraised raised(1) raised(2) raised(3)
0 50,45      50,25     25,12   12,5  # utg  (call range, raise range)
1 50,45      50,25     25,12   12,5  # ep
2 100,90     50,25     25,12   12,5  # ep
3 100,90     50,25     25,12   12,5  # mp
4 100,90     50,25     25,12   12,5  # mp
5 100,90     50,25     25,12   12,5  # co
6 200,180    50,25     25,12   12,5  # btn
7 200,180    50,25     25,12   12,5  # sb
8 1000,180   50,25     25,12   12,5  # bb

